255 255 255 255 255 255 255 255 255 255 255 255 255 255 255 255
255 255 255 255 255 255 255 255 255 255 255 255 255 255 255 255
255 255   0   0   0   0   0   0   0   0   0   0   0   0 255 255
255 255   0  38  76  76  76  76  76  76  76  76  38   0 255 255
255 255   0  76   0   0 255   0 255 255   0   0  76   0 255 255
255 255   0  76   0   0   0 255   0   0   0   0  76   0 255 255
255 255   0  76   0 255 255 255 255 255   0 255  76   0 255 255
255 255   0  76   0   0 255   0   0   0 255   0  76   0 255 255
255 255   0  76 255 255 255 255 255 255 255 255  76   0 255 255
255 255   0  76   0   0   0   0   0   0   0   0  76   0 255 255
255 255   0  76   0   0 255 255   0   0   0   0  76   0 255 255
255 255   0  76   0   0   0   0 255 255   0 255  76   0 255 255
255 255   0  38  76  76  76  76  76  76  76  76  38   0 255 255
255 255   0   0   0   0   0   0   0   0   0   0   0   0 255 255
255 255 255 255 255 255 255 255 255 255 255 255 255 255 255 255
255 255 255 255 255 255 255 255 255 255 255 255 255 255 255 255
255 255 255 255 255 255 255 255 255 255 255 255 255 255 255 255
255 255 255 255 255 255 255 255 255 255 255 255 255 255 255 255
255 255   0   0   0   0   0   0   0   0   0   0   0   0 255 255
255 255   0  38  76  76  76  76  76  76  76  76  38   0 255 255
255 255   0  76   0   0 255   0 255 255   0   0  76   0 255 255
255 255   0  76   0   0   0 255   0   0   0   0  76   0 255 255
255 255   0  76   0 255 255 255 255 255   0 255  76   0 255 255
255 255   0  76   0   0 255   0   0   0 255   0  76   0 255 255
255 255   0  76 255 255 255 255 255 255 255 255  76   0 255 255
255 255   0  76   0   0   0   0   0   0   0   0  76   0 255 255
255 255   0  76   0   0 255 255   0   0   0   0  76   0 255 255
255 255   0  76   0   0   0   0 255 255   0 255  76   0 255 255
255 255   0  38  76  76  76  76  76  76  76  76  38   0 255 255
255 255   0   0   0   0   0   0   0   0   0   0   0   0 255 255
255 255 255 255 255 255 255 255 255 255 255 255 255 255 255 255
255 255 255 255 255 255 255 255 255 255 255 255 255 255 255 255
255 255 255 255 255 255 255 255 255 255 255 255 255 255 255 255
255 255 255 255 255 255 255 255 255 255 255 255 255 255 255 255
255 255   0   0   0   0   0   0   0   0   0   0   0   0 255 255
255 255   0  38  76  76  76  76  76  76  76  76  38   0 255 255
255 255   0  76   0   0 255   0 255 255   0   0  76   0 255 255
255 255   0  76   0   0   0 255   0   0   0   0  76   0 255 255
255 255   0  76   0 255 255 255 255 255   0 255  76   0 255 255
255 255   0  76   0   0 255   0   0   0 255   0  76   0 255 255
255 255   0  76 255 255 255 255 255 255 255 255  76   0 255 255
255 255   0  76   0   0   0   0   0   0   0   0  76   0 255 255
255 255   0  76   0   0 255 255   0   0   0   0  76   0 255 255
255 255   0  76   0   0   0   0 255 255   0 255  76   0 255 255
255 255   0  38  76  76  76  76  76  76  76  76  38   0 255 255
255 255   0   0   0   0   0   0   0   0   0   0   0   0 255 255
255 255 255 255 255 255 255 255 255 255 255 255 255 255 255 255
255 255 255 255 255 255 255 255 255 255 255 255 255 255 255 255

255 255 255 255 255 255 255 255 255 255 255 255 255 255 255 255
255 255 255 255 255 255 255 255 255 255 255 255 255 255 255 255
255 255   0   0   0   0   0   0   0   0   0   0   0   0 255 255
255 255   0  38  76  76  76  76  76  76  76  76  38   0 255 255
255 255   0  76   0   0 255   0 255   0   0 255  76   0 255 255
255 255   0  76   0   0   0 255 255   0   0   0  76   0 255 255
255 255   0  76 255   0 255   0 255   0   0 255  76   0 255 255
255 255   0  76 255   0 255   0 255   0   0 255  76   0 255 255
255 255   0  76   0 255 255   0 255   0 255   0  76   0 255 255
255 255   0  76 255   0 255 255 255   0 255   0  76   0 255 255
255 255   0  76   0   0 255   0 255   0   0   0  76   0 255 255
255 255   0  76   0   0   0   0 255   0   0   0  76   0 255 255
255 255   0  38  76  76  76  76  76  76  76  76  38   0 255 255
255 255   0   0   0   0   0   0   0   0   0   0   0   0 255 255
255 255 255 255 255 255 255 255 255 255 255 255 255 255 255 255
255 255 255 255 255 255 255 255 255 255 255 255 255 255 255 255
255 255 255 255 255 255 255 255 255 255 255 255 255 255 255 255
255 255 255 255 255 255 255 255 255 255 255 255 255 255 255 255
255 255   0   0   0   0   0   0   0   0   0   0   0   0 255 255
255 255   0  38  76  76  76  76  76  76  76  76  38   0 255 255
255 255   0  76   0   0 255   0 255   0   0 255  76   0 255 255
255 255   0  76   0   0   0 255 255   0   0   0  76   0 255 255
255 255   0  76 255   0 255   0 255   0   0 255  76   0 255 255
255 255   0  76 255   0 255   0 255   0   0 255  76   0 255 255
255 255   0  76   0 255 255   0 255   0 255   0  76   0 255 255
255 255   0  76 255   0 255 255 255   0 255   0  76   0 255 255
255 255   0  76   0   0 255   0 255   0   0   0  76   0 255 255
255 255   0  76   0   0   0   0 255   0   0   0  76   0 255 255
255 255   0  38  76  76  76  76  76  76  76  76  38   0 255 255
255 255   0   0   0   0   0   0   0   0   0   0   0   0 255 255
255 255 255 255 255 255 255 255 255 255 255 255 255 255 255 255
255 255 255 255 255 255 255 255 255 255 255 255 255 255 255 255
255 255 255 255 255 255 255 255 255 255 255 255 255 255 255 255
255 255 255 255 255 255 255 255 255 255 255 255 255 255 255 255
255 255   0   0   0   0   0   0   0   0   0   0   0   0 255 255
255 255   0  38  76  76  76  76  76  76  76  76  38   0 255 255
255 255   0  76   0   0 255   0 255   0   0 255  76   0 255 255
255 255   0  76   0   0   0 255 255   0   0   0  76   0 255 255
255 255   0  76 255   0 255   0 255   0   0 255  76   0 255 255
255 255   0  76 255   0 255   0 255   0   0 255  76   0 255 255
255 255   0  76   0 255 255   0 255   0 255   0  76   0 255 255
255 255   0  76 255   0 255 255 255   0 255   0  76   0 255 255
255 255   0  76   0   0 255   0 255   0   0   0  76   0 255 255
255 255   0  76   0   0   0   0 255   0   0   0  76   0 255 255
255 255   0  38  76  76  76  76  76  76  76  76  38   0 255 255
255 255   0   0   0   0   0   0   0   0   0   0   0   0 255 255
255 255 255 255 255 255 255 255 255 255 255 255 255 255 255 255
255 255 255 255 255 255 255 255 255 255 255 255 255 255 255 255

255 255 255 255 255 255 255 255 255 255 255 255 255 255 255 255
255 214 153 153 153 153 153 153 153 153 153 153 153 153 214 255
255 153   0   0   0   0   0   0   0   0   0   0   0   0 153 255
255 153   0  60 124 124 124 124 124 124 124 124  60   0 153 255
255 153   0 124 188 145 174 188 162 198 140 168 124   0 153 255
255 153   0 124 175 107  60 121 107 117  90 140 124   0 153 255
255 153   0 124 194 123 120  78 160 110 142 173 124   0 153 255
255 153   0 124 151 125 120  94 142 153 119 156 124   0 153 255
255 153   0 124 197 103  86 147 137 163 101 148 124   0 153 255
255 153   0 124 210 163 154 122 134 116 139 169 124   0 153 255
255 153   0 124 140  90 128 139 109 165  90 140 124   0 153 255
255 153   0 124 168 140 200 165 161 213 140 168 124   0 153 255
255 153   0  60 124 124 124 124 124 124 124 124  60   0 153 255
255 153   0   0   0   0   0   0   0   0   0   0   0   0 153 255
255 214 153 153 153 153 153 153 153 153 153 153 153 153 214 255
255 255 255 255 255 255 255 255 255 255 255 255 255 255 255 255
255 255 255 255 255 255 255 255 255 255 255 255 255 255 255 255
255 214 153 153 153 153 153 153 153 153 153 153 153 153 214 255
255 153   0   0   0   0   0   0   0   0   0   0   0   0 153 255
255 153   0  60 124 124 124 124 124 124 124 124  60   0 153 255
255 153   0 124 188 145 174 188 162 198 140 168 124   0 153 255
255 153   0 124 175 107  60 121 107 117  90 140 124   0 153 255
255 153   0 124 194 123 120  78 160 110 142 173 124   0 153 255
255 153   0 124 151 125 120  94 142 153 119 156 124   0 153 255
255 153   0 124 197 103  86 147 137 163 101 148 124   0 153 255
255 153   0 124 210 163 154 122 134 116 139 169 124   0 153 255
255 153   0 124 140  90 128 139 109 165  90 140 124   0 153 255
255 153   0 124 168 140 200 165 161 213 140 168 124   0 153 255
255 153   0  60 124 124 124 124 124 124 124 124  60   0 153 255
255 153   0   0   0   0   0   0   0   0   0   0   0   0 153 255
255 214 153 153 153 153 153 153 153 153 153 153 153 153 214 255
255 255 255 255 255 255 255 255 255 255 255 255 255 255 255 255
255 255 255 255 255 255 255 255 255 255 255 255 255 255 255 255
255 214 153 153 153 153 153 153 153 153 153 153 153 153 214 255
255 153   0   0   0   0   0   0   0   0   0   0   0   0 153 255
255 153   0  60 124 124 124 124 124 124 124 124  60   0 153 255
255 153   0 124 188 145 174 188 162 198 140 168 124   0 153 255
255 153   0 124 175 107  60 121 107 117  90 140 124   0 153 255
255 153   0 124 194 123 120  78 160 110 142 173 124   0 153 255
255 153   0 124 151 125 120  94 142 153 119 156 124   0 153 255
255 153   0 124 197 103  86 147 137 163 101 148 124   0 153 255
255 153   0 124 210 163 154 122 134 116 139 169 124   0 153 255
255 153   0 124 140  90 128 139 109 165  90 140 124   0 153 255
255 153   0 124 168 140 200 165 161 213 140 168 124   0 153 255
255 153   0  60 124 124 124 124 124 124 124 124  60   0 153 255
255 153   0   0   0   0   0   0   0   0   0   0   0   0 153 255
255 214 153 153 153 153 153 153 153 153 153 153 153 153 214 255
255 255 255 255 255 255 255 255 255 255 255 255 255 255 255 255

255 255 255 255 255 255 255 255 255 255 255 255 255 255 255 255
255 214 153 153 153 153 153 153 153 153 153 153 153 153 214 255
255 153   0   0   0   0   0   0   0   0   0   0   0   0 153 255
255 153   0  60 124 124 124 124 124 124 124 124  60   0 153 255
255 153   0 124 168 140 173 156 148 169 140 168 124   0 153 255
255 153   0 124 140  90 142 119 101 139  90 140 124   0 153 255
255 153   0 124 198 117 110 153 163 116 165 213 124   0 153 255
255 153   0 124 162 107 160 142 137 134 109 161 124   0 153 255
255 153   0 124 188 121  78  94 147 122 139 165 124   0 153 255
255 153   0 124 174  60 120 120  86 154 128 200 124   0 153 255
255 153   0 124 145 107 123 125 103 163  90 140 124   0 153 255
255 153   0 124 188 175 194 151 197 210 140 168 124   0 153 255
255 153   0  60 124 124 124 124 124 124 124 124  60   0 153 255
255 153   0   0   0   0   0   0   0   0   0   0   0   0 153 255
255 214 153 153 153 153 153 153 153 153 153 153 153 153 214 255
255 255 255 255 255 255 255 255 255 255 255 255 255 255 255 255
255 255 255 255 255 255 255 255 255 255 255 255 255 255 255 255
255 214 153 153 153 153 153 153 153 153 153 153 153 153 214 255
255 153   0   0   0   0   0   0   0   0   0   0   0   0 153 255
255 153   0  60 124 124 124 124 124 124 124 124  60   0 153 255
255 153   0 124 168 140 173 156 148 169 140 168 124   0 153 255
255 153   0 124 140  90 142 119 101 139  90 140 124   0 153 255
255 153   0 124 198 117 110 153 163 116 165 213 124   0 153 255
255 153   0 124 162 107 160 142 137 134 109 161 124   0 153 255
255 153   0 124 188 121  78  94 147 122 139 165 124   0 153 255
255 153   0 124 174  60 120 120  86 154 128 200 124   0 153 255
255 153   0 124 145 107 123 125 103 163  90 140 124   0 153 255
255 153   0 124 188 175 194 151 197 210 140 168 124   0 153 255
255 153   0  60 124 124 124 124 124 124 124 124  60   0 153 255
255 153   0   0   0   0   0   0   0   0   0   0   0   0 153 255
255 214 153 153 153 153 153 153 153 153 153 153 153 153 214 255
255 255 255 255 255 255 255 255 255 255 255 255 255 255 255 255
255 255 255 255 255 255 255 255 255 255 255 255 255 255 255 255
255 214 153 153 153 153 153 153 153 153 153 153 153 153 214 255
255 153   0   0   0   0   0   0   0   0   0   0   0   0 153 255
255 153   0  60 124 124 124 124 124 124 124 124  60   0 153 255
255 153   0 124 168 140 173 156 148 169 140 168 124   0 153 255
255 153   0 124 140  90 142 119 101 139  90 140 124   0 153 255
255 153   0 124 198 117 110 153 163 116 165 213 124   0 153 255
255 153   0 124 162 107 160 142 137 134 109 161 124   0 153 255
255 153   0 124 188 121  78  94 147 122 139 165 124   0 153 255
255 153   0 124 174  60 120 120  86 154 128 200 124   0 153 255
255 153   0 124 145 107 123 125 103 163  90 140 124   0 153 255
255 153   0 124 188 175 194 151 197 210 140 168 124   0 153 255
255 153   0  60 124 124 124 124 124 124 124 124  60   0 153 255
255 153   0   0   0   0   0   0   0   0   0   0   0   0 153 255
255 214 153 153 153 153 153 153 153 153 153 153 153 153 214 255
255 255 255 255 255 255 255 255 255 255 255 255 255 255 255 255
